J 0.236994219653 0.260115606936 0.306358381503 0.375722543353 0.476878612717 1.04046242775 1.45086705202 1.50289017341 1.47976878613 1.50289017341 1.62427745665 1.80924855491 1.6936416185 1.05780346821 0.306358381503 0.260115606936 0.236994219653 0.234104046243 
H 0.857534246575 0.879452054795 0.945205479452 1.0904109589 1.2904109589 1.87945205479 1.50410958904 1.2904109589 0.0493150684932 0.0 0.0 0.632876712329 1.3095890411 1.60547945205 1.53698630137 1.20547945205 1.04383561644 0.879452054795 
H 0.0 0.0 1.076 1.5 1.616 1.312 1.0 0.872 0.808 0.8 0.808 0.872 1.0 1.312 1.632 1.22 1.0 0.036 
B 0.779552715655 0.846645367412 0.94249201278 1.02875399361 1.27156549521 1.50479233227 1.4249201278 1.39297124601 1.1821086262 1.27795527157 1.25239616613 1.27795527157 1.50479233227 1.61980830671 1.29073482428 1.04792332268 0.798722044728 0.635782747604 
Z 0.0 0.2 0.0 0.152941176471 1.52941176471 1.65882352941 1.44705882353 1.18823529412 1.17647058824 1.18823529412 1.28235294118 1.24705882353 1.52941176471 1.52941176471 1.24705882353 0.547058823529 0.364705882353 0.147058823529 
C 0.615384615385 0.603076923077 0.615384615385 1.36 1.35384615385 1.59692307692 1.44923076923 1.47076923077 1.44923076923 1.50461538462 1.48 1.40923076923 1.53846153846 1.56 1.59692307692 1.24307692308 1.03692307692 0.569230769231 
C 0.586805555556 0.600694444444 1.11111111111 1.25 1.41666666667 1.50347222222 1.52777777778 1.40972222222 1.48958333333 1.46180555556 1.38888888889 1.53472222222 1.51388888889 1.63541666667 1.27083333333 1.17013888889 0.555555555556 0.600694444444 
C 0.594117647059 0.529411764706 0.470588235294 1.17647058824 1.55294117647 1.39411764706 1.33529411765 1.31176470588 1.3 1.31176470588 1.28235294118 1.24705882353 1.35294117647 1.35294117647 1.35882352941 1.28235294118 1.18823529412 0.588235294118 
F 1.4224137931 1.31465517241 1.13793103448 0.75 0.323275862069 0.521551724138 0.568965517241 0.625 0.633620689655 0.681034482759 0.625 0.60775862069 0.668103448276 0.543103448276 0.461206896552 0.879310344828 1.0775862069 1.2974137931 
Z 1.11671087533 1.13793103448 1.07692307692 1.26790450928 1.55437665782 1.42705570292 0.893899204244 0.379310344828 0.230769230769 0.190981432361 0.0 0.137931034483 0.129973474801 1.08222811671 1.55437665782 1.66047745358 1.24933687003 1.13793103448 
V 0.857482185273 0.878859857482 0.524940617577 1.04513064133 1.06175771971 1.11401425178 0.869358669834 0.698337292162 0.641330166271 0.62945368171 0.641330166271 0.850356294537 0.983372921615 1.14251781473 1.0593824228 1.0593824228 0.855106888361 0.878859857482 
K 0.437735849057 0.381132075472 0.562264150943 0.716981132075 1.53962264151 1.68301886792 1.35849056604 1.20754716981 0.384905660377 0.369811320755 0.309433962264 1.20754716981 1.35849056604 1.68301886792 0.996226415094 0.547169811321 0.475471698113 0.381132075472 
0 1.64150943396 1.66037735849 1.77735849057 1.77735849057 1.80377358491 1.77735849057 1.61886792453 1.58867924528 1.61886792453 1.6679245283 1.64528301887 1.68301886792 1.68301886792 1.64528301887 1.77735849057 1.61886792453 1.58867924528 1.61886792453 
9 0.971153846154 0.980769230769 1.09134615385 1.11057692308 1.10576923077 1.25 1.35576923077 1.42788461538 1.42307692308 1.50480769231 1.54326923077 1.54807692308 1.62019230769 1.57692307692 0.985576923077 0.971153846154 0.985576923077 0.899038461538 
Z 1.11182108626 1.25878594249 1.28434504792 1.38977635783 1.75399361022 1.29073482428 0.555910543131 0.351437699681 0.210862619808 0.0511182108626 0.0511182108626 0.0 0.108626198083 1.39297124601 1.71884984026 1.50479233227 1.19808306709 1.21725239617 
D 1.52941176471 1.35294117647 1.20588235294 1.04117647059 1.2 1.18823529412 1.2 1.33529411765 1.39411764706 1.35294117647 1.02352941176 1.09411764706 1.04117647059 1.1 1.08823529412 1.1 1.20588235294 1.20588235294 
D 1.01277955272 1.02875399361 1.02875399361 1.19808306709 1.16932907348 1.50479233227 1.39297124601 1.29712460064 1.19169329073 1.08626198083 1.11182108626 1.21725239617 1.33226837061 1.53674121406 1.16932907348 1.07667731629 1.02875399361 1.02875399361 
G 1.4966442953 1.46308724832 1.55033557047 1.54362416107 1.74496644295 1.67785234899 1.46308724832 1.22818791946 1.21476510067 1.22818791946 1.3355704698 1.42281879195 1.34228187919 1.77181208054 1.76510067114 1.52348993289 1.4966442953 1.48322147651 
G 1.17346938776 1.10969387755 1.12244897959 1.30867346939 1.49489795918 1.52295918367 1.54591836735 1.41071428571 1.39030612245 1.32653061224 1.43367346939 1.47448979592 1.49489795918 1.49489795918 1.40051020408 1.2806122449 0.790816326531 1.15306122449 
X 0.105882352941 0.108823529412 0.273529411765 0.502941176471 1.65 1.50882352941 1.17058823529 0.873529411765 0.338235294118 0.332352941176 0.388235294118 0.947058823529 1.17058823529 1.50882352941 1.17352941176 0.502941176471 0.232352941176 0.182352941176 
U 0.635193133047 0.587982832618 0.673819742489 1.11587982833 1.42489270386 1.47210300429 1.15450643777 1.0686695279 1.04721030043 0.875536480687 0.974248927039 0.991416309013 1.1330472103 1.40772532189 1.54506437768 1.37339055794 1.15879828326 0.618025751073 
F 1.44375 1.14375 1.0375 0.821875 0.2125 0.203125 0.5125 0.51875 0.553125 0.640625 0.625 0.703125 0.63125 0.553125 0.43125 0.425 1.128125 1.21875 
W 0.236994219653 0.656069364162 0.751445086705 0.919075144509 0.895953757225 1.26011560694 1.47398843931 1.25144508671 1.21676300578 1.15606936416 1.17341040462 1.35549132948 1.5 1.28901734104 0.965317919075 0.835260115607 0.869942196532 0.523121387283 
T 1.17647058824 1.19485294118 1.28308823529 0.588235294118 0.518382352941 0.694852941176 0.735294117647 0.650735294118 0.0588235294118 0.0588235294118 0.0 0.125 0.533088235294 0.694852941176 0.569852941176 0.555147058824 0.731617647059 1.19485294118 
E 1.340625 1.26875 1.49375 1.83125 1.525 0.98125 0.76875 0.696875 0.690625 0.63125 0.621875 0.640625 0.590625 1.39375 1.95625 1.56875 1.340625 1.315625 
O 1.5 1.50735294118 1.50735294118 1.5 1.48529411765 1.5 1.46323529412 1.36764705882 1.47058823529 1.47058823529 1.55882352941 1.46323529412 1.5 1.48529411765 1.5 1.46323529412 1.50735294118 1.5 
M 1.0 0.953424657534 1.04383561644 1.20547945205 1.53698630137 1.73698630137 1.42465753425 0.791780821918 0.652054794521 0.268493150685 0.13698630137 0.191780821918 1.19452054795 1.47397260274 1.74794520548 1.38904109589 1.19178082192 1.02191780822 
S 0.895061728395 1.02469135802 1.09259259259 1.26543209877 1.41975308642 1.41975308642 1.26543209877 1.22839506173 1.37654320988 1.36419753086 1.37654320988 1.51851851852 1.54320987654 1.81481481481 1.41975308642 1.26543209877 0.802469135802 0.70987654321 
V 0.9 0.916 0.74 0.5 0.92 1.104 1.3 0.912 0.748 0.656 0.732 0.72 0.82 1.208 1.176 1.22 1.36 0.916 
R 0.448888888889 0.884444444444 1.02666666667 1.17333333333 1.30666666667 1.11111111111 0.884444444444 0.728888888889 0.72 0.653333333333 0.537777777778 0.555555555556 0.773333333333 1.66222222222 1.49777777778 1.32 0.737777777778 0.662222222222 
R 0.575079872204 0.472843450479 1.02236421725 1.19808306709 1.303514377 1.04792332268 0.798722044728 0.696485623003 0.584664536741 0.523961661342 0.482428115016 0.517571884984 0.738019169329 1.38338658147 1.55910543131 1.15015974441 0.948881789137 0.632587859425 
8 0.876470588235 0.976470588235 1.33529411765 1.54705882353 1.72941176471 1.72941176471 1.65882352941 1.74705882353 1.74117647059 1.69411764706 1.74117647059 1.74705882353 1.84705882353 1.72941176471 1.72941176471 1.35882352941 1.05882352941 0.776470588235 
N 0.897297297297 0.854054054054 1.00540540541 1.24324324324 1.58918918919 1.6972972973 1.32972972973 0.897297297297 0.735135135135 0.443243243243 0.27027027027 1.14594594595 1.40540540541 1.77297297297 1.42162162162 1.07567567568 0.989189189189 0.978378378378 
7 1.20588235294 1.39411764706 1.2 0.764705882353 0.735294117647 0.641176470588 0.482352941176 0.376470588235 0.294117647059 0.235294117647 0.264705882353 0.6 0.829411764706 0.888235294118 0.929411764706 0.864705882353 0.964705882353 1.25294117647 
2 0.278969957082 0.227467811159 0.19313304721 0.437768240343 1.26180257511 1.60944206009 1.27467811159 1.27038626609 1.13733905579 1.04721030043 1.17596566524 1.07296137339 1.26180257511 1.1330472103 0.909871244635 0.386266094421 0.351931330472 0.274678111588 
5 1.30316742081 1.33936651584 1.34389140271 1.52488687783 1.65610859729 1.33031674208 0.683257918552 0.425339366516 0.597285067873 0.674208144796 0.683257918552 0.733031674208 0.859728506787 0.923076923077 1.17647058824 1.52488687783 1.34389140271 1.33936651584 
5 1.48322147651 1.4966442953 1.65100671141 2.10738255034 1.74496644295 0.906040268456 0.604026845638 0.711409395973 0.771812080537 0.758389261745 0.885906040268 1.06040268456 1.07382550336 1.34228187919 1.54362416107 1.67785234899 1.46308724832 1.4966442953 
5 1.39726027397 1.38356164384 1.39726027397 1.55479452055 1.71232876712 1.57534246575 0.787671232877 0.616438356164 0.63698630137 0.698630136986 0.801369863014 0.904109589041 0.979452054795 1.17123287671 1.39726027397 1.57534246575 1.40410958904 1.21232876712 
3 0.563265306122 0.587755102041 0.604081632653 0.824489795918 1.4 1.64897959184 1.64897959184 1.77959183673 1.65714285714 1.63265306122 1.71836734694 1.75102040816 1.92244897959 1.95102040816 1.49387755102 1.2 0.591836734694 0.436734693878 
3 0.429184549356 0.43347639485 0.759656652361 0.858369098712 1.42489270386 1.7339055794 1.87124463519 1.58798283262 1.71673819742 1.68240343348 1.71673819742 1.58798283262 1.87124463519 1.7339055794 1.57081545064 1.21030042918 0.660944206009 0.420600858369 
3 0.412244897959 0.628571428571 0.722448979592 0.771428571429 1.49387755102 1.77959183673 1.80408163265 1.63265306122 1.6 1.63265306122 1.80408163265 1.77959183673 1.82040816327 1.64897959184 1.37551020408 0.628571428571 0.4 0.330612244898 
3 0.429530201342 0.55033557047 0.671140939597 1.14765100671 1.36912751678 1.54362416107 1.55033557047 1.46308724832 1.4966442953 1.48322147651 1.4966442953 1.65100671141 1.55033557047 1.74496644295 1.54362416107 1.14765100671 0.604026845638 0.496644295302 
S 0.645367412141 0.79552715655 1.02875399361 1.19808306709 1.303514377 1.38338658147 1.40575079872 1.38977635783 1.37060702875 1.34504792332 1.37060702875 1.50479233227 1.66134185304 1.71884984026 1.63897763578 1.19808306709 0.760383386581 0.5303514377 
2 0.25 0.205 0.17 0.1625 1.0825 1.735 1.565 1.405 1.3 1.28 1.3 1.405 1.4925 1.595 1.115 0.45 0.4 0.305 
N 0.87 0.9525 1.1 1.2825 1.855 1.565 1.3275 0.7775 0.545 0.305 0.7225 1.3725 1.585 1.595 1.2675 1.0875 1.005 0.9125 
P 1.52 1.44923076923 1.02153846154 0.996923076923 0.846153846154 0.784615384615 0.769230769231 0.707692307692 0.698461538462 0.710769230769 0.707692307692 0.849230769231 0.753846153846 0.655384615385 0.609230769231 0.593846153846 1.25538461538 1.35692307692 
4 0.777777777778 0.901960784314 1.20588235294 1.17320261438 1.23202614379 0.849673202614 0.866013071895 1.11111111111 1.2908496732 1.08496732026 1.08496732026 1.05882352941 0.898692810458 0.751633986928 0.660130718954 0.895424836601 0.898692810458 0.97385620915 
O 1.625 1.66346153846 1.77884615385 1.73076923077 1.94230769231 1.94230769231 1.73076923077 1.77884615385 1.92307692308 1.88461538462 1.92307692308 1.77884615385 1.73076923077 1.94230769231 1.94230769231 1.73076923077 1.77884615385 1.66346153846 
T 1.24705882353 1.27647058824 0.864705882353 0.602941176471 0.602941176471 0.667647058824 0.588235294118 0.520588235294 0.0470588235294 0.0470588235294 0.0 0.520588235294 0.588235294118 0.667647058824 0.602941176471 0.602941176471 0.864705882353 1.27647058824 
3 0.331606217617 0.424870466321 0.616580310881 0.984455958549 1.05699481865 1.52331606218 1.58031088083 1.53886010363 1.52849740933 1.50259067358 1.52849740933 1.53886010363 1.58031088083 1.72020725389 1.34715025907 0.699481865285 0.564766839378 0.471502590674 
4 1.05603448276 1.37068965517 1.13793103448 1.23275862069 1.0775862069 0.991379310345 0.969827586207 0.806034482759 0.883620689655 0.818965517241 0.969827586207 0.823275862069 1.05603448276 1.24568965517 1.2974137931 1.36637931034 1.27155172414 1.02586206897 
Y 0.935233160622 0.958549222798 0.479274611399 0.20725388601 0.582901554404 0.80310880829 0.865284974093 0.616580310881 0.484455958549 0.424870466321 0.424870466321 0.458549222798 0.673575129534 0.888601036269 0.616580310881 0.647668393782 0.961139896373 0.981865284974 
9 0.9 0.92 0.984 1.052 1.176 1.176 1.348 1.38 1.492 1.46 1.492 1.624 1.592 1.632 1.176 0.98 0.912 0.92 
H 0.976 0.872 1.0 1.312 1.616 1.744 1.48 1.184 0.0 0.0 0.068 1.256 1.616 1.952 1.44 1.28 0.976 0.968 
L 1.18630136986 1.16438356164 1.18630136986 0.578082191781 0.61095890411 0.449315068493 0.202739726027 0.178082191781 0.145205479452 0.13698630137 0.13698630137 0.13698630137 0.145205479452 0.969863013699 1.21369863014 1.09315068493 1.19452054795 1.27671232877 
I 1.27155172414 1.15948275862 1.31465517241 1.41379310345 0.762931034483 0.5 0.112068965517 0.0387931034483 0.0689655172414 0.0 0.116379310345 0.0862068965517 0.163793103448 0.879310344828 1.47844827586 1.64224137931 1.27155172414 1.25 
8 0.729281767956 0.895027624309 1.13259668508 1.45856353591 1.62430939227 1.55801104972 1.6408839779 1.63535911602 1.59116022099 1.63535911602 1.7679558011 1.73480662983 1.81215469613 1.62430939227 1.55801104972 1.2044198895 0.812154696133 0.707182320442 
H 0.0 0.0 1.11876484561 1.48693586698 1.75296912114 1.27790973872 1.03562945368 0.878859857482 0.821852731591 0.802850356295 0.821852731591 0.964370546318 1.2351543943 1.50593824228 1.62945368171 1.30403800475 1.11876484561 0.0380047505938 
F 1.32165605096 1.33121019108 1.07324840764 1.05732484076 0.757961783439 0.286624203822 0.433121019108 0.528662420382 0.589171974522 0.595541401274 0.722929936306 0.592356687898 0.716560509554 0.544585987261 0.429936305732 0.429936305732 1.14968152866 1.23885350318 
Q 1.39711191336 1.16245487365 1.04693140794 0.880866425993 0.819494584838 0.833935018051 0.830324909747 0.830324909747 0.833935018051 0.787003610108 0.729241877256 0.797833935018 0.805054151625 0.787003610108 0.833935018051 0.830324909747 1.19855595668 1.49458483755 
L 0.194852941176 0.183823529412 0.183823529412 0.183823529412 0.194852941176 0.165441176471 0.966911764706 1.26470588235 1.12132352941 1.62132352941 1.5 1.38602941176 1.29044117647 0.753676470588 0.566176470588 0.602941176471 0.367647058824 0.238970588235 
H 0.906666666667 0.884444444444 0.911111111111 1.17333333333 1.62666666667 1.49777777778 1.21777777778 0.448888888889 0.0 0.0 0.444444444444 1.02666666667 1.30666666667 1.62666666667 1.25333333333 1.00888888889 0.906666666667 0.897777777778 
8 1.76534296029 1.70036101083 1.72563176895 1.85198555957 1.85198555957 1.57400722022 1.3357400722 1.06859205776 0.653429602888 0.592057761733 0.888086642599 1.13357400722 1.32129963899 1.61010830325 1.72563176895 1.70036101083 1.76534296029 1.73646209386 
7 0.339887640449 0.342696629213 0.252808988764 0.224719101124 0.207865168539 0.668539325843 0.955056179775 0.926966292135 0.901685393258 1.02528089888 1.14606741573 1.23876404494 1.45224719101 1.60393258427 0.755617977528 0.811797752809 0.702247191011 0.48595505618 
I 1.17346938776 1.10969387755 1.12244897959 1.30867346939 1.49489795918 1.52295918367 1.54591836735 1.41071428571 1.39030612245 1.32653061224 1.43367346939 1.47448979592 1.49489795918 1.49489795918 1.40051020408 1.2806122449 0.790816326531 1.15306122449 
I 0.0 0.116379310345 0.0862068965517 0.163793103448 0.991379310345 1.47844827586 1.75 1.38362068966 1.34913793103 1.38362068966 1.37931034483 1.4525862069 1.74137931034 1.13793103448 0.625 0.112068965517 0.0387931034483 0.10775862069 
6 1.71538461538 1.67692307692 1.77692307692 2.0 1.33846153846 1.31538461538 1.0 1.01538461538 1.0 1.13076923077 1.21538461538 1.23076923077 1.33846153846 1.33846153846 1.57692307692 1.53076923077 1.71538461538 1.7 
6 1.39711191336 1.16245487365 1.04693140794 0.880866425993 0.819494584838 0.833935018051 0.830324909747 0.830324909747 0.833935018051 0.787003610108 0.729241877256 0.797833935018 0.805054151625 0.787003610108 0.833935018051 0.830324909747 1.19855595668 1.49458483755 
D 1.11780821918 1.12328767123 1.20547945205 1.2904109589 1.47397260274 1.63561643836 1.3698630137 1.25479452055 1.23287671233 1.17534246575 1.2904109589 1.3095890411 1.53698630137 1.67945205479 1.42465753425 1.2904109589 1.18630136986 1.16438356164 
1 1.37060702875 1.34504792332 1.56230031949 1.38977635783 0.952076677316 0.760383386581 0.172523961661 0.124600638978 0.0830670926518 0.0287539936102 0.115015974441 0.11821086262 0.159744408946 0.900958466454 1.303514377 1.50479233227 1.27156549521 1.29712460064 
Y 0.955882352941 0.919117647059 0.698529411765 0.518382352941 0.753676470588 0.966911764706 0.735294117647 0.485294117647 0.477941176471 0.477941176471 0.525735294118 0.625 0.893382352941 0.753676470588 0.555147058824 0.731617647059 0.988970588235 0.941176470588 
Q 0.668122270742 0.67903930131 1.02838427948 1.10698689956 1.12008733624 1.12008733624 1.04366812227 1.09170305677 1.0 0.982532751092 1.0 1.09170305677 1.13537117904 1.12008733624 1.12008733624 1.04366812227 1.19213973799 0.67903930131 
M 0.92774566474 0.99710982659 1.0838150289 1.3612716763 1.6936416185 1.38150289017 1.10115606936 0.615606936416 0.28901734104 0.187861271676 0.245664739884 0.817919075145 1.28901734104 1.5549132948 1.46531791908 1.17341040462 1.00578034682 0.982658959538 
W 0.766972477064 0.794495412844 0.722935779817 0.502752293578 0.34128440367 0.706422018349 0.629357798165 1.17064220183 1.46422018349 1.3247706422 1.14862385321 1.0 0.957798165138 0.570642201835 0.629357798165 0.748623853211 1.17064220183 0.812844036697 
X 0.2175 0.3625 0.8025 1.1775 1.565 1.845 0.5 0.325 0.2 0.0925 0.18 0.25 0.395 1.0425 1.715 1.2825 0.995 0.5675 
1 0.160130718954 0.16339869281 0.130718954248 0.16339869281 0.535947712418 1.20588235294 0.588235294118 1.44444444444 1.30718954248 1.19281045752 1.41503267974 1.52287581699 1.53267973856 1.32026143791 0.751633986928 0.261437908497 0.186274509804 0.16339869281 
6 0.905 1.01 1.09 1.155 1.15 1.32 1.41 1.485 1.35 1.565 1.48 1.6 1.685 1.66 1.47 1.155 0.885 0.915 
S 1.37931034483 1.39310344828 1.50344827586 1.46206896552 1.79310344828 1.79310344828 1.28275862069 0.8 0.6 0.779310344828 0.896551724138 1.08965517241 1.10344827586 1.37931034483 1.37931034483 1.46206896552 1.3724137931 1.39310344828 
9 1.38356164384 1.39726027397 1.55479452055 1.40410958904 1.3698630137 0.965753424658 0.856164383562 0.979452054795 0.904109589041 0.890410958904 1.00684931507 1.08219178082 1.17123287671 1.19178082192 1.19178082192 1.27397260274 1.21232876712 1.39726027397 
U 1.6049382716 1.42592592593 1.22839506173 1.15432098765 0.746913580247 0.753086419753 0.672839506173 1.30864197531 1.41975308642 1.62962962963 1.26543209877 1.09259259259 1.02469135802 1.01234567901 1.02469135802 1.09259259259 1.26543209877 1.41975308642 
U 1.6049382716 1.42592592593 1.22839506173 1.15432098765 0.746913580247 0.753086419753 0.672839506173 1.30864197531 1.41975308642 1.62962962963 1.26543209877 1.09259259259 1.02469135802 1.01234567901 1.02469135802 1.09259259259 1.26543209877 1.41975308642 
P 1.1075 1.1725 0.935 0.705 0.685 0.6225 0.61 0.6225 0.615 0.5775 0.65 0.66 0.5775 0.545 0.505 0.405 0.41 1.0375 
G 1.375 1.29326923077 1.19711538462 1.17307692308 1.19711538462 1.18269230769 1.35576923077 1.25 1.41346153846 1.35576923077 1.31730769231 0.586538461538 1.0625 1.07211538462 1.04807692308 1.20192307692 1.26923076923 1.45192307692 
B 1.25862068966 1.2 1.31379310345 1.3724137931 1.62413793103 1.39310344828 1.05172413793 0.927586206897 0.858620689655 0.624137931034 0.631034482759 0.78275862069 0.986206896552 1.14482758621 1.40689655172 1.50344827586 1.4 1.38620689655 
E 0.602469135802 0.614814814815 0.664197530864 0.649382716049 1.26666666667 1.69382716049 1.47407407407 1.31111111111 1.28888888889 1.26913580247 1.28888888889 1.58271604938 1.87901234568 1.44691358025 0.681481481481 0.649382716049 0.664197530864 0.614814814815 
I 1.41463414634 1.43902439024 1.4487804878 1.48780487805 1.43414634146 0.69756097561 0.146341463415 0.0829268292683 0.0439024390244 0.0780487804878 0.0 0.131707317073 0.0975609756098 0.185365853659 1.28780487805 1.67317073171 1.57073170732 1.43902439024 
G 1.07352941176 1.09705882353 1.08823529412 1.17058823529 1.38529411765 1.52647058824 1.37941176471 1.27941176471 1.26176470588 1.23823529412 1.26176470588 1.3 1.40588235294 1.38529411765 1.38529411765 1.28235294118 1.08823529412 0.947058823529 
6 1.44378698225 1.47337278107 1.59171597633 1.66863905325 1.53846153846 1.53846153846 1.25443786982 0.769230769231 0.781065088757 0.85798816568 0.970414201183 0.934911242604 1.10059171598 1.20710059172 1.20710059172 1.40236686391 1.47928994083 1.47337278107 
2 1.33108108108 1.35810810811 1.37162162162 1.47297297297 1.59121621622 1.37837837838 0.641891891892 0.381756756757 0.277027027027 0.216216216216 0.219594594595 0.179054054054 0.152027027027 1.23648648649 1.75337837838 1.75675675676 1.59121621622 1.44932432432 
G 1.07352941176 1.09705882353 1.08823529412 1.17058823529 1.38529411765 1.52647058824 1.37941176471 1.27941176471 1.26176470588 1.23823529412 1.26176470588 1.3 1.40588235294 1.38529411765 1.38529411765 1.28235294118 1.08823529412 0.947058823529 
6 1.44378698225 1.47337278107 1.59171597633 1.66863905325 1.53846153846 1.53846153846 1.25443786982 0.769230769231 0.781065088757 0.85798816568 0.970414201183 0.934911242604 1.10059171598 1.20710059172 1.20710059172 1.40236686391 1.47928994083 1.47337278107 
2 1.33108108108 1.35810810811 1.37162162162 1.47297297297 1.59121621622 1.37837837838 0.641891891892 0.381756756757 0.277027027027 0.216216216216 0.219594594595 0.179054054054 0.152027027027 1.23648648649 1.75337837838 1.75675675676 1.59121621622 1.44932432432 
2 1.13294797688 1.15606936416 1.17341040462 1.27167630058 1.3901734104 0.959537572254 0.361271676301 0.315028901734 0.236994219653 0.234104046243 0.187861271676 0.196531791908 0.491329479769 1.05780346821 1.62138728324 1.46531791908 1.3612716763 1.15606936416 
G 1.35862068966 1.38620689655 1.4 1.3724137931 1.39310344828 1.26206896552 1.16206896552 1.02413793103 0.931034482759 0.913793103448 1.02068965517 1.10344827586 1.16206896552 1.40689655172 1.49310344828 1.43793103448 1.31379310345 1.38620689655 
F 1.16941176471 1.29411764706 1.04941176471 0.96 0.717647058824 0.416470588235 0.524705882353 0.52 0.524705882353 0.578823529412 0.663529411765 0.621176470588 0.618823529412 0.475294117647 0.416470588235 0.374117647059 0.369411764706 1.07058823529 
K 0.364444444444 0.4 0.364444444444 0.475555555556 1.02666666667 1.62666666667 1.17333333333 1.02666666667 0.515555555556 0.386666666667 0.444444444444 1.02222222222 1.19555555556 1.49777777778 1.30666666667 0.715555555556 0.444444444444 0.302222222222 
U 0.711538461538 0.769230769231 1.35576923077 1.41346153846 1.75961538462 1.50961538462 1.31730769231 1.17307692308 1.16346153846 1.07211538462 1.04807692308 1.20192307692 1.25 1.75961538462 1.50961538462 1.42788461538 0.711538461538 0.692307692308 
E 1.19555555556 1.10666666667 1.19555555556 1.35555555556 1.62666666667 1.15555555556 0.942222222222 0.635555555556 0.653333333333 0.577777777778 0.586666666667 0.635555555556 0.671111111111 0.688888888889 1.45777777778 1.66666666667 1.43111111111 1.21777777778 
8 0.592057761733 0.768953068592 0.971119133574 1.23826714801 1.47292418773 1.70036101083 1.58844765343 1.57039711191 1.54873646209 1.51985559567 1.54873646209 1.70036101083 1.57400722022 1.76173285199 1.61010830325 1.43682310469 1.07220216606 0.660649819495 
F 0.72202166065 0.617328519856 0.671480144404 0.58844765343 0.454873646209 0.361010830325 0.98916967509 1.19133574007 1.32129963899 1.440433213 1.06137184116 0.949458483755 0.819494584838 0.296028880866 0.523465703971 0.530685920578 0.570397111913 0.671480144404 
M 0.175 0.155769230769 0.228846153846 1.25 1.42307692308 1.86538461538 1.41923076923 1.11153846154 1.02115384615 1.0 0.984615384615 1.06346153846 1.16538461538 1.42307692308 1.86538461538 1.41923076923 0.709615384615 0.232692307692 
E 1.0686695279 1.15450643777 1.30901287554 1.42489270386 1.26180257511 0.991416309013 0.463519313305 0.557939914163 0.549356223176 0.557939914163 0.583690987124 0.68669527897 0.49356223176 1.26180257511 1.60944206009 1.38197424893 1.2660944206 1.24463519313 
D 1.00950118765 0.95486935867 1.03325415677 1.13539192399 1.21852731591 1.5890736342 1.41805225653 1.26128266033 1.2351543943 1.216152019 1.2351543943 1.26128266033 1.41805225653 1.51543942993 1.3919239905 1.2351543943 1.11876484561 0.95486935867 
S 0.72602739726 0.879452054795 1.11232876712 1.19452054795 1.40547945205 1.47397260274 1.50410958904 1.5397260274 1.42465753425 1.40273972603 1.42465753425 1.5397260274 1.58356164384 1.73698630137 1.47397260274 1.19452054795 0.432876712329 0.61095890411 
